"","sample_size","Col_1","Col_2","Col_3","Col_4","Col_5","Col_6","Col_7","Col_8","Col_9","Col_10","Col_11"
"1",50,0.17,0.232,0.322,0.32,0.435,0.492,0.515,0.717,0.772,0.825,0.853
"2",75,0.242,0.289,0.417,0.507,0.587,0.632,0.68,0.871,0.926,0.942,0.955
"3",80,0.264,0.375,0.439,0.536,0.591,0.687,0.756,0.913,0.942,0.96,0.964
"4",98,0.33,0.444,0.511,0.601,0.716,0.782,0.803,0.952,0.971,0.986,0.988
"5",100,0.351,0.45,0.57,0.639,0.715,0.788,0.824,0.958,0.98,0.988,0.991
"6",121,0.398,0.501,0.635,0.693,0.795,0.849,0.898,0.986,0.986,0.993,0.996
"7",125,0.414,0.539,0.63,0.732,0.8,0.854,0.918,0.985,0.994,0.995,1
"8",154,0.516,0.647,0.734,0.79,0.878,0.918,0.95,0.999,0.998,0.997,1
"9",155,0.504,0.629,0.737,0.818,0.866,0.933,0.954,0.997,0.999,1,1
"10",248,0.718,0.834,0.896,0.966,0.977,0.986,0.999,1,1,1,1
"11",250,0.704,0.84,0.895,0.959,0.97,0.989,0.997,1,1,1,1
"12",303,0.796,0.881,0.961,0.982,0.986,0.996,0.999,1,1,1,1
"13",305,0.803,0.9,0.949,0.977,0.995,0.998,1,1,1,1,1
"14",380,0.872,0.944,0.98,0.992,1,0.998,1,1,1,1,1
"15",390,0.861,0.938,0.982,0.997,0.997,0.997,0.999,1,1,1,1
"16",1060,1,1,1,1,1,1,1,1,1,1,1
"17",1100,0.998,1,1,1,1,1,1,1,1,1,1
